name,,email,,,phone,,ssn,,password,,ip,,,,,last_login,,user_agent
Marlene Wood,,hwestiii@att.net,,,(473) 401-4253,,261-72-6780,,K5?BMNv,,60ed:c396:2ff:244:bbd0:9208:26f2:93ea,,,,,11/14/2019 6:14,,"Mozilla/5.0 (Windows NT 10.0; Win64; x64) AppleWebKit/537.36 (KHTML, like Gecko) Chrome/74.0.3729.157 Safari/537.36"
Rhianna Barrera,,hampton@me.com,,,(473) 310-1175,,494-07-2341,,cj22zAH&,,6131:10bb:3bcf:6ce5:497c:fdcb:5c7a:dd5d,,,,,11/14/2019 6:14,,"Mozilla/5.0 (Windows NT 6.3; Win64; x64) AppleWebKit/537.36 (KHTML, like Gecko) Chrome/60.0.3112.113 Safari/537.36"
Ruth Trevino,,valdez@verizon.net,,,(731) 915-5892,,450-76-5961,,EwV9tC9#,,e501:2103:c25:ab98:394a:494:5da8:731d,,,,,11/14/2019 6:15,,"Mozilla/5.0 (Linux; Android 8.1.0; motorola one Build/OPKS28.63-18-3; wv AppleWebKit/537.36 (KHTML, like Gecko) Version/4.0 Chrome/70.0.3538.80 Mobile Safari/537.36 Instagram 72.0.0.21.98 Android (27/8.1.0; 320dpi; 720x1362; motorola; motorola one; deen_sprout; qcom; pt_BR; 132081645)"
Kallie Lewis,,lushe@hotmail.com,,,(706) 241-9332,,174-40-2889,,%9xwUUpt,,630:145e:8acc:d793:5a10:11d8:768:50c0,,,,,11/14/2019 6:15,,"Mozilla/5.0 (Linux; U; Android 4.1.2; de-de; GT-I9100 Build/JZO54K) AppleWebKit/534.30 (KHTML, like Gecko) Version/4.0 Mobile Safari/534.30"
Jake Wu,,ramollin@comcast.net,,,(637) 605-9257,,247-52-6862,,2>jET?7q,,6479:e3ae:d70c:c75b:a029:7b69:cda0:e593,,,,,11/14/2019 6:15,,"Mozilla/5.0 (Linux; Android 7.0; SM-G570M Build/NRD90M; wv) AppleWebKit/537.36 (KHTML, like Gecko) Version/4.0 Chrome/69.0.3497.100 Mobile Safari/537.36 [FB_IAB/FB4A;FBAV/193.0.0.45.101;]"
Salvatore Pollard,,drezet@hotmail.com,,,(886) 802-0292,,512-74-7870,,3c~Luj%?,,6ccd:834f:c8c9:22e4:b815:ea2c:a350:74c2,,,,,11/14/2019 6:15,,"Mozilla/5.0 (Windows NT 10.0; WOW64) AppleWebKit/537.36 (KHTML, like Gecko) Chrome/49.0.2623.75 Safari/537.36 OPR/36.0.2130.32"
Zackery Ford,,jshearer@live.com,,,(997) 600-9698,,579-03-7675,,S+4DvgmW,,a7ab:2c8:4a44:978f:4eec:e64e:53e5:b21b,,,,,11/14/2019 6:15,,Mozilla/5.0 (Windows NT 5.1; rv:36.0) Gecko/20100101 Firefox/36.0
Trystan Baker,,dkeeler@comcast.net,,,(804) 777-8345,,548-65-0641,,Dd~Ep5M3,,ab22:4193:dd2c:a632:2ca0:f520:3941:fa65,,,,,11/14/2019 6:15,,Mozilla/5.0 (compatible; MSIE 9.0; Windows NT 6.1; WOW64; Trident/5.0; KTXN)
Davon Gay,,geoffr@mac.com,,,(644) 566-1838,,358-18-2062,,L4D3&5jq,,d29c:1b76:cd05:6e7c:1920:959e:66e1:e490,,,,,11/14/2019 6:16,,"Mozilla/5.0 (iPhone; CPU iPhone OS 12_3_2 like Mac OS X) AppleWebKit/605.1.15 (KHTML, like Gecko) Mobile/15E148 [FBAN/FBIOS;FBDV/iPhone10,2;FBMD/iPhone;FBSN/iOS;FBSV/12.3.2;FBSS/3;FBCR/Verizon;FBID/phone;FBLC/en_US;FBOP/5]"
Eliza Burke,,satishr@yahoo.com,,,(212) 237-9866,,472-42-0884,,7xM6XD$T,,d160:9a44:b8c2:72d1:4c10:1d3c:950b:d060,,,,,11/14/2019 6:16,,Mozilla/5.0 (Windows NT 10.0; Win64; x64; rv:61.0) Gecko/20100101 Firefox/61.0
Belen Bailey,,bcevc@yahoo.com,,,(539) 233-4942,,203-38-5395,,^3EZ~TkX,,f724:c5d1:a14d:c4c5:bae2:9457:3769:1969,,,,,11/14/2019 6:16,,"Mozilla/5.0 (Linux; U; Android 4.1.2; de-de; GT-I9100 Build/JZO54K) AppleWebKit/534.30 (KHTML, like Gecko) Version/4.0 Mobile Safari/534.30"
Lilly Stuart,,slaff@mac.com,,,(404) 269-6404,,297-98-5726,,Dc9+NZ>H,,e848:e856:4e0b:a056:54ad:1e98:8110:ce1b,,,,,11/14/2019 6:16,,Mozilla/5.0 (compatible; MSIE 9.0; Windows NT 6.1; WOW64; Trident/5.0; KTXN)
